13285 3982 13059 7864 6612 506 7629 11342 3131 1288 14549 8950 524 8575 3648 4049 13202 5154 8581 4737
11511 7563 14581 13007 2438 2471 6645 2489 7864 8575 5154 11510 1288 7934 1269 506 14549 6170 4924 6709
13285 12976 7934 12970 10127 8575 12845 8459 7629 14549 13041 7185 11151 10124 506 1288 7864 3209 6550 2018
2796 6076 12845 9277 5302 1850 3001 5304 5082 6231 7608 1095 13285 7301 10310 8109 10974 481 1269 14549
10127 8575 7864 10124 7869 3267 1718 14355 5345 3269 12016 2796 2018 7934 7563 2520 7548 381 10747 5744
11151 12845 1288 8575 4549 1718 2796 3676 5345 10209 10310 780 7864 14549 165 10066 12045 13369 13066 13460
5861 5154 9688 13059 7864 13202 5783 7629 7888 2796 7882 7885 7301 3131 8575 7475 14549 524 7473 13285
6231 8848 13285 9277 14549 1058 10974 3001 8575 14577 12045 2796 481 5302 5154 3226 10975 7629 13 7608
5617 10157 9668 2796 8575 5345 5861 7318 10148 1718 4819 9386 3001 7953 7629 3583 7475 7864 14055 8892
13285 8575 7934 11151 13460 2025 7864 13201 2018 3661 8459 10127 506 10124 13202 5154 4049 5232 12976 7629
8950 3583 1852 2796 5905 7888 14499 13007 10310 7475 3575 5345 3982 12845 11392 13460 13059 11393 7563 506
9793 9801 3982 5345 6612 5154 2796 1718 12496 12172 7185 8293 7475 7629 8575 14194 13202 10482 12572 7934
3165 5187 11517 8575 3164 11151 7934 2520 7629 8581 14215 8892 14549 13285 5154 78 1718 11206 506 11072
1140 3449 7882 7934 7563 13059 2025 3451 12845 7185 12045 13285 8581 8575 7888 7475 10980 7666 1288 10209
7608 1095 13285 6311 8090 12636 8575 11151 9533 1288 12845 7934 12999 6231 506 2796 6076 7882 4049 6118
