10105 7848 12942 8552 13248 7916 11988 11122 5330 2796 13165 12811 14315 10102 13025 2019 7534 1716 7853 6535
13420 7548 7872 8552 7866 12016 13025 1287 13248 7869 14509 4911 14541 5140 7848 4538 11122 11364 7462 507
5605 13248 2025 7848 9645 10186 507 7305 8552 14509 10134 4806 7613 2019 12811 7460 2999 5140 7548 1716
6218 8826 8552 12811 13248 14509 507 9255 7613 11122 5140 5605 13166 5849 1287 10287 8558 7848 12378 12016
1853 13248 3581 8928 5140 5771 13166 14509 5849 7916 13025 12811 8552 7613 9665 7848 5893 507 5004 4044
7592 1096 2796 6218 12811 5288 1287 13248 9255 5330 9510 482 10945 11122 14315 14509 10287 3130 5849 8552
6063 11122 8090 13248 12811 8552 5771 5330 12604 9255 1096 7592 7288 2796 602 14366 2999 1716 7613 5140
1141 3447 8552 12811 10102 7866 1287 3449 7916 7548 10951 2025 2019 10105 5732 14459 13248 7848 165 11122
2796 5290 8552 13248 3675 482 14315 812 382 5330 5140 12811 7719 6218 6535 13165 7848 12965 13101 7613
11122 13248 8552 7916 8439 507 7866 5140 7613 1287 5849 7848 14509 7172 13166 3164 12016 3647 12811 3675
3979 9770 6597 5849 2796 9778 5330 5140 5605 9645 7462 10134 7613 9665 7288 1716 8552 12464 8273 7848
3164 3163 7916 8552 11488 11122 5173 13248 1716 10102 8558 7848 5140 2520 7613 7853 78 10134 13025 8870
8826 5140 8552 1059 13248 6218 10945 8892 13166 8928 7916 11229 14366 2999 9255 11364 9509 13025 2796 507
13248 6298 12965 14509 5068 8071 8552 5140 7592 14537 14006 1096 7719 7848 3225 7613 507 6218 13166 11122
2796 11483 12973 7848 14509 5330 2437 5849 2489 2471 6630 3581 8928 1269 1287 14459 11482 8552 13248 5140
