14586 2440 8152 4424 9506 8608 7885 13117 12104 508 13346 5797 1717 7497 5875 13057 14605 13263 7374 7903
2415 10338 4854 10179 3134 3984 7890 3270 13430 12373 6794 6630 13127 4278 6840 12668 13518 14463 10724 3002
3168 5197 11574 8152 8608 11204 7956 14586 3167 2440 7649 13346 2522 5164 14272 14658 8614 78 508 11259
14586 7628 1097 13346 14605 6247 4424 9506 2798 9321 6329 12903 8112 483 8886 12694 8608 1289 5315 5313
9506 2440 8152 14586 4424 5164 3984 9845 7497 7649 7903 6630 9853 12336 7910 3134 7956 13263 7907 7205
1852 8990 5356 3167 2473 3585 7518 10284 2415 2489 10179 13518 3134 10338 4854 3984 10772 10724 6092 1271
14586 7583 3272 9506 7903 7885 2440 4424 7890 1289 7497 7956 8152 8608 11397 13346 7848 3270 14605 5164
14586 2440 8152 4424 5875 5164 14605 9506 14658 9740 13346 6247 13263 7649 8886 9321 14686 2798 7885 8608
14586 11204 13346 13034 8608 12903 9506 7956 13518 1289 7885 10262 2025 10179 12104 14605 13099 14658 13028 8493
8152 5356 2440 9506 4424 2798 14586 8319 9853 9845 8608 7321 1717 12554 9431 7885 8614 7705 12231 10209
2798 14586 4424 9506 14605 2440 14412 13117 7910 8152 12903 7497 8608 3134 7495 3984 13124 5356 10363 4561
14586 10179 1142 10176 7956 8608 7885 2019 12075 13346 2440 13262 9506 1717 11033 12180 2522 14605 3451 10800
4424 9506 2440 8152 14586 13065 8990 4423 11568 14558 7583 1852 14690 3585 1289 6664 11450 2438 11449 13346
5631 8152 2440 9720 10209 8608 7338 2798 7649 10200 14586 3002 7975 8930 4830 1717 7497 14111 508 5875
14605 11027 1097 6092 3002 5313 14609 6247 7628 1701 12104 2415 1271 3134 8112 13346 10338 14463 12668 10724
