7452 7450 8548 7839 3119 7857 7538 1709 2009 3257 2785 7909 7864 14314 11719 8554 8992 7844 13031 3255
1133 7909 10949 8548 3436 13250 3153 2510 5763 12810 12091 7839 11175 13166 3438 1709 5134 14508 3648 13167
6210 2785 8822 13250 9249 5282 5284 10943 480 14508 2989 12810 7604 10944 5134 7583 8548 505 3214 1088
11120 6056 5134 4533 12810 2785 7909 13024 13250 8548 14365 7604 9767 11311 8084 5597 7452 7857 7278 7162
11480 12972 14540 2461 2428 6623 7538 2479 13250 7839 5134 11479 14508 7710 1280 2785 505 1262 8548 4906
3968 6590 2785 5841 5134 9660 7839 13167 7278 505 7604 14508 5763 3119 523 5325 4739 3635 8548 13250
9640 5597 8548 2009 9001 7295 10120 3662 2785 13250 505 7604 1709 5325 2015 13102 12577 12299 7710 7452
8922 3570 1843 5885 2785 14458 10282 12810 14508 1280 11361 5880 505 8925 3562 12972 5134 5597 5841 11362
7583 1088 13250 1280 12603 11120 6290 6210 9505 8548 2785 12810 7909 8065 14508 505 6098 5063 5134 9249
10129 2785 5325 5597 9775 9767 9358 5841 8268 1709 12464 7839 8548 5134 9640 7604 14013 14487 8045 7278
3153 5167 8548 13250 11486 3152 11120 7604 14508 7909 14174 7839 8554 8065 505 7928 7641 8822 6744 13
13024 12810 13250 8548 2785 4998 5134 7857 7864 1280 7839 5325 5841 8073 14314 14365 7861 5063 9249 14508
10099 12941 10096 13250 8548 7839 7909 11120 6528 1709 11986 7844 13334 8434 3197 10716 3662 12015 1280 2009
6210 8548 7864 13250 7857 14508 9249 5134 14536 13167 8434 7909 7839 505 11120 12810 6098 3436 7604 2009
13250 11120 8548 7909 10182 12810 8065 5325 10099 13006 7839 1280 12964 5724 2510 12378 8554 12941 505 13422
