8940 11500 7553 7725 13122 14560 1849 8561 2467 13270 6635 7872 1285 3577 12992 5145 2434 10221 14478 5336
7598 1094 13270 1285 11140 8561 8078 9524 12830 10118 2792 7923 12984 6303 14528 14385 5336 6110 507 12622
8561 7859 3262 7854 2021 7923 7553 11140 13044 5736 13270 10057 13051 7467 10118 5336 2015 1285 3264 9010
1849 8940 3577 5897 5145 7878 7619 13044 5853 7923 8904 2792 5775 8561 507 7465 9367 3126 8943 9679
1139 10969 3443 8561 7923 12109 7854 10118 13270 7177 1714 2516 13044 13187 12533 6110 12961 12830 14528 2792
6223 8838 13270 9268 2792 5293 10963 7598 12830 14528 1094 2996 482 6303 5295 8561 1057 3221 12033 5145
11140 12830 13044 7854 8561 7878 4541 10115 7872 8567 7875 13270 14528 13442 10118 10199 10300 3264 507 13187
13270 3126 1285 8561 7872 5145 14054 13187 1714 7878 11140 7923 8447 13186 2015 7854 12984 10115 3643 7553
9785 9793 5145 7293 5336 7854 1714 7619 7923 12482 7467 7177 8281 8561 12159 9679 13187 5853 5775 2792
5853 9679 13270 5145 14528 7619 7854 8561 11140 2792 13187 7923 12830 9268 504 2996 14556 12961 5775 13442
12830 12396 1285 7872 1714 5336 8561 11140 12622 13270 6068 507 7854 7177 6540 7553 10118 3577 14334 3144
3160 11506 5178 8561 3159 11140 7923 7619 13270 5145 8567 507 14528 8882 1285 2516 14194 7854 78 13044
9659 5609 8561 10147 10118 2015 7619 7310 7923 11140 12004 1714 7854 5145 10115 7942 12830 7467 10138 507
2792 3976 6602 5336 12992 14334 12830 3577 7854 3126 8940 3569 7293 8561 6068 7467 10147 7083 5853 4541
13270 5609 5336 14528 4811 5853 13442 11381 10147 507 11140 7923 8561 10199 5775 7539 7854 8447 5145 11137
